2 0.00010613004846526656 0.0009477291666666667 7.490630048465267e-05 0.00011932738095238095
2 0.0002985395799676898 0.0006123809523809525 3.701453957996772e-05 9.107936507936508e-05
2 0.0003300371567043619 0.0006196765873015872 3.8051696284329597e-05 9.164682539682541e-05
2 0.0003396066235864297 0.000859561507936508 4.247980613893378e-05 9.370238095238093e-05
2 0.00036511550888529887 0.0006361517857142857 4.247980613893378e-05 9.370436507936501e-05
2 0.00043760016155088856 0.0006668005952380952 4.335541195476575e-05 9.403769841269845e-05
2 0.0004417625201938611 0.0009485466269841269 5.941841680129246e-05 9.157341269841281e-05
2 0.0005736688206785137 0.0007858640873015873 5.941841680129246e-05 9.15734126984127e-05
2 0.0006331009693053311 0.0008870525793650793 6.05896607431341e-05 8.589880952380957e-05
2 0.0005129862681744749 0.0010663839285714287 6.05896607431341e-05 8.589880952380957e-05
2 0.00049312197092084 0.0010245128968253967 6.058966074313401e-05 8.589880952380946e-05
2 0.00046777705977382874 0.0009885714285714285 6.059127625201936e-05 8.589682539682528e-05
2 0.0006067940226171243 0.0008483720238095238 6.059612277867531e-05 8.588690476190469e-05
2 0.0012886954765751212 0.0013667589285714286 3.3620355411954804e-05 9.113690476190476e-05
2 0.001244449111470113 0.0013777728174603175 3.362197092083997e-05 9.113690476190476e-05
2 0.0012155420032310177 0.001385453373015873 3.3620355411954804e-05 9.113690476190476e-05
2 0.0014462156704361873 0.00130921626984127 3.3620355411954804e-05 9.113492063492058e-05
2 0.001416200323101777 0.0013156527777777778 3.362197092083997e-05 9.113492063492058e-05
2 0.0013884369951534734 0.0013236021825396825 3.362035541195463e-05 9.113690476190476e-05
2 0.0013600250403877222 0.0013299573412698413 3.3620355411954804e-05 9.113690476190476e-05
2 0.001469246365105008 0.0014467251984126984 3.3620355411954804e-05 9.113690476190476e-05
2 0.001434710016155089 0.0014504136904761903 3.3620355411954804e-05 9.113690476190476e-05
2 0.0013923255250403877 0.0014616537698412698 3.3620355411954804e-05 9.113690476190476e-05
2 0.0013588675282714057 0.0014682390873015875 3.362197092083997e-05 9.113690476190476e-05
2 0.0013043408723747982 0.0014864503968253968 3.6281098546041966e-05 9.240079365079365e-05
2 0.001274495153473344 0.0014980069444444446 3.3620355411954804e-05 9.113690476190476e-05
2 0.0012443101777059775 0.0015053501984126983 3.362197092084015e-05 9.113690476190476e-05
2 0.0012141187399030695 0.0015163482142857142 3.3620355411954804e-05 9.113690476190476e-05
2 0.0011850258481421647 0.0015262182539682542 3.362197092083997e-05 9.113492063492058e-05
2 0.0011571542810985462 0.0015329275793650793 3.3620355411954804e-05 9.113690476190476e-05
2 0.0011299757673667204 0.0015430178571428572 3.362197092083997e-05 9.113492063492058e-05
2 0.001186349757673667 0.001391078373015873 3.3620355411954804e-05 9.113690476190476e-05
2 0.0011568513731825525 0.00139765376984127 3.362197092083997e-05 9.113690476190476e-05
2 0.0011286841680129241 0.0014060535714285713 3.3620355411954804e-05 9.113492063492058e-05
2 0.0010980266558966076 0.0014144642857142858 3.3620355411954804e-05 9.113492063492058e-05
2 0.0010692148626817448 0.0014230089285714286 3.362197092084015e-05 9.113690476190476e-05
2 0.0010698053311793214 0.0015585089285714286 3.362035541195463e-05 9.113690476190476e-05
2 0.001040389337641357 0.0015677619047619047 3.362197092083997e-05 9.113492063492058e-05
2 0.0010095468497576738 0.0015766498015873016 3.362035541195463e-05 9.113690476190476e-05
2 0.0009816672051696286 0.0015832787698412698 3.362197092083997e-05 9.113690476190476e-05
2 0.0009521906300484652 0.0015926448412698412 3.362197092084015e-05 9.11349206349208e-05
2 0.0009208739903069467 0.0015980813492063493 2.8474959612277738e-05 8.81785714285714e-05
2 0.0008907964458804525 0.001602295634920635 2.8474959612277917e-05 8.81785714285714e-05
2 0.0008600920840064621 0.001604609126984127 2.8474959612277738e-05 8.81785714285714e-05
2 0.0015203239095315025 0.0010438700396825397 4.746849757673657e-05 0.00010659325396825401
2 0.0014885274636510502 0.001056174603174603 4.746849757673657e-05 0.00010659523809523808
2 0.0014491849757673667 0.001068014880952381 4.746849757673675e-05 0.0001065932539682539
2 0.0014179474959612277 0.0010818055555555557 4.746849757673675e-05 0.00010659523809523808
2 0.001387672859450727 0.0010892212301587302 4.746849757673675e-05 0.00010659325396825412
2 0.0012738150242326332 0.001128926587301587 4.746849757673657e-05 0.00010659523809523808
2 0.0012364757673667204 0.0011376319444444444 4.746849757673675e-05 0.0001065932539682539
2 0.0011982172859450726 0.0011485069444444444 4.746849757673657e-05 0.00010659325396825412
2 0.0011656663974151857 0.0011581994047619047 4.746849757673657e-05 0.0001065932539682539
2 0.0011340767366720516 0.001167469246031746 4.746849757673675e-05 0.0001065932539682539
2 0.0011006453957996768 0.0011765297619047617 4.746849757673675e-05 0.00010659523809523808
2 0.0010674014539579968 0.001186749007936508 4.746849757673675e-05 0.0001065932539682539
2 0.0010359894991922454 0.0012013640873015873 4.746849757673675e-05 0.00010659325396825412
2 0.0010000331179321486 0.001213205357142857 4.746849757673675e-05 0.00010659325396825412
2 0.0009609596122778677 0.0012232748015873016 4.747011308562191e-05 0.0001065932539682539
2 0.0009275856219709207 0.0012314434523809524 4.746849757673675e-05 0.0001065932539682539
2 0.0008946243941841681 0.0012385069444444444 4.746849757673657e-05 0.0001065932539682539
2 0.0009987019386106623 0.0014539345238095238 4.746849757673675e-05 0.00010659523809523808
2 0.0009599894991922457 0.0014610863095238095 4.746849757673675e-05 0.0001065932539682539
2 0.0009226857835218094 0.0014670625 4.746849757673657e-05 0.0001065932539682539
2 0.0008868812600969305 0.0014717638888888888 4.746849757673675e-05 0.00010659523809523808
2 0.0011950153473344104 0.0017664434523809525 4.746849757673675e-05 0.0001065932539682539
2 0.001089223747980614 0.0017984930555555556 4.746849757673675e-05 0.0001065932539682539
2 0.0008525694668820678 0.001477127976190476 4.746849757673675e-05 0.0001065932539682539
2 0.0008296042003231018 0.0012545188492063494 4.747011308562201e-05 0.00010659325396825412
