2 0.0008748190630048466 0.00020891666666666666 4.267528271405492e-05 9.833730158730158e-05
2 0.0008428941841680128 0.000220343253968254 4.2673667205169575e-05 9.83373015873016e-05
2 0.0008100856219709208 0.00023031944444444442 4.267528271405492e-05 9.833730158730155e-05
2 0.0007789935379644587 0.00024141567460317462 4.267528271405492e-05 9.833928571428571e-05
2 0.0007442697899838448 0.0002503095238095238 4.275282714054925e-05 9.838492063492065e-05
2 0.0011298481421647818 0.00028435615079365077 4.267528271405492e-05 9.833928571428571e-05
2 0.001094315831987076 0.00029126587301587305 4.2673667205169575e-05 9.83373015873016e-05
2 0.0010617253634894993 0.0003001369047619047 4.267528271405492e-05 9.833730158730163e-05
2 0.0010272956381260096 0.00030779761904761905 4.267528271405492e-05 9.833730158730158e-05
2 0.0009953554119547657 0.00032106845238095234 4.267528271405492e-05 9.833928571428571e-05
2 0.0009610630048465267 0.0003285109126984127 4.267528271405492e-05 9.833928571428571e-05
2 0.0009259789983844912 0.00033763293650793656 4.267528271405492e-05 9.833730158730163e-05
2 0.0008943707592891761 0.0003465019841269841 4.2673667205169575e-05 9.833730158730163e-05
2 0.0008590024232633279 0.00035557738095238096 4.267366720516975e-05 9.833730158730158e-05
2 0.0008284095315024232 0.00036206746031746035 4.267366720516966e-05 9.833730158730158e-05
2 0.000794861873990307 0.0003715575396825397 4.2673667205169575e-05 9.833730158730163e-05
2 0.0007601074313408724 0.0003812668650793651 4.2673667205169575e-05 9.833928571428571e-05
2 0.0009325654281098546 0.000571625 4.267528271405492e-05 9.833730158730158e-05
2 0.0009002891760904685 0.0005832589285714286 4.267528271405492e-05 9.833928571428576e-05
2 0.0008658739903069467 0.0005912847222222222 4.267528271405492e-05 9.833928571428565e-05
2 0.0008331243941841681 0.0006005674603174603 4.267528271405492e-05 9.833730158730158e-05
2 0.0007984903069466881 0.0006082757936507937 4.2673667205169575e-05 9.833730158730158e-05
2 0.0007655226171243942 0.000617156746031746 4.267366720516966e-05 9.833730158730158e-05
2 0.0011063117932148625 0.0008968938492063492 4.3489499192245466e-05 9.883531746031746e-05
2 0.001076659127625202 0.0009051726190476191 4.3489499192245466e-05 9.883730158730152e-05
2 0.0010419434571890145 0.0009195525793650794 4.3489499192245466e-05 9.883531746031746e-05
2 0.000783361873990307 0.00099025 4.3489499192245554e-05 9.883730158730164e-05
2 0.0008184765751211632 0.0009802748015873017 4.348949919224565e-05 9.883531746031746e-05
2 0.0008510411954765752 0.0009709275793650794 4.349111470113099e-05 9.883531746031746e-05
2 0.0008819644588045234 0.0009631150793650794 4.348949919224565e-05 9.883730158730164e-05
2 0.0009142924071082391 0.0009523819444444444 4.348949919224565e-05 9.883531746031746e-05
2 0.0009445638126009693 0.0009453730158730159 4.348949919224565e-05 9.883730158730164e-05
2 0.0009760936995153474 0.0009377490079365079 4.348949919224565e-05 9.883531746031746e-05
2 0.0010091898222940225 0.0009284920634920634 4.349111470113081e-05 9.883730158730164e-05
2 0.0007899709208400645 0.001113830357142857 4.275928917609036e-05 9.839087301587301e-05
2 0.0008260387722132473 0.0011047609126984127 4.275928917609046e-05 9.839087301587323e-05
2 0.0008598998384491115 0.001095816468253968 4.2759289176090546e-05 9.839087301587301e-05
2 0.0008932504038772212 0.0010869216269841268 4.2759289176090546e-05 9.839087301587301e-05
2 0.0009266914378029081 0.001081215277777778 4.2759289176090546e-05 9.839087301587301e-05
2 0.0009581558966074313 0.0010717589285714286 4.2760904684975714e-05 9.839087301587301e-05
2 0.0009918368336025848 0.001062314484126984 4.275928917609036e-05 9.839087301587301e-05
2 0.001024092084006462 0.001053250992063492 4.2759289176090546e-05 9.839087301587301e-05
2 0.0010584894991922456 0.0010438402777777779 4.2759289176090546e-05 9.839087301587301e-05
2 0.0010911486268174477 0.0010313303571428572 4.2759289176090546e-05 9.839087301587301e-05
2 0.0010299999999999999 0.0012840565476190475 4.2759289176090546e-05 9.839087301587301e-05
2 0.0007967810985460421 0.001350263888888889 4.284168012924073e-05 9.844047619047606e-05
2 0.0008133966074313409 0.0014923125 4.284168012924073e-05 9.844246031746025e-05
2 0.0008756001615508885 0.0017129077380952382 4.2841680129240645e-05 9.844246031746046e-05
2 0.0009093788368336027 0.0017051478174603175 4.284168012924082e-05 9.844246031746046e-05
2 0.0009434208400646204 0.0016961507936507935 4.284168012924082e-05 9.844047619047606e-05
2 0.0009740880452342488 0.0016877103174603174 4.2841680129240645e-05 9.844047619047628e-05
2 0.0011038376413570273 0.001651376984126984 4.284168012924082e-05 9.844047619047628e-05
2 0.0011370718901453957 0.0016425803571428572 4.284168012924082e-05 9.844246031746025e-05
2 0.001200958804523425 0.0016253630952380953 4.284168012924082e-05 9.844047619047628e-05
2 0.0011669555735056543 0.0016349047619047621 4.2841680129240645e-05 9.844047619047606e-05
2 0.0011460379644588046 0.0013982182539682539 4.2841680129240645e-05 9.844047619047606e-05
2 0.0011131429725363489 0.0014080575396825396 4.2841680129240645e-05 9.844047619047628e-05
2 0.0010806567043618739 0.001414108134920635 4.2841680129240645e-05 9.844246031746025e-05
2 0.0010484402261712442 0.001424718253968254 4.284168012924082e-05 9.844047619047628e-05
2 0.0010138182552504038 0.0014356845238095238 4.2841680129240645e-05 9.844047619047606e-05
2 0.000981083198707593 0.001444752976190476 4.284168012924082e-05 9.844246031746046e-05
2 0.0009475355411954766 0.0014550337301587302 4.2841680129240645e-05 9.844047619047628e-05
2 0.000915564620355412 0.0014635 4.2841680129240645e-05 9.844047619047606e-05
2 0.0008806760904684975 0.0014729761904761906 4.2841680129240645e-05 9.844047619047606e-05
2 0.0008494483037156705 0.001484843253968254 4.2841680129240645e-05 9.844047619047606e-05
2 0.0008311155088852988 0.0013397638888888888 4.2841680129240645e-05 9.844047619047628e-05
2 0.0008646712439418417 0.0013302480158730158 4.2841680129240645e-05 9.844047619047606e-05
2 0.0008974111470113085 0.001319702380952381 4.2841680129240645e-05 9.844047619047628e-05
2 0.000931375605815832 0.0013110486111111111 4.2841680129240645e-05 9.844246031746025e-05
2 0.0009625274636510502 0.001304628968253968 4.284168012924082e-05 9.844047619047606e-05
2 0.0009943998384491113 0.0012939861111111112 4.284168012924082e-05 9.844047619047628e-05
2 0.001068829563812601 0.0012735367063492064 4.284168012924082e-05 9.844246031746025e-05
2 0.0011087633279483037 0.0012640525793650795 4.215024232633293e-05 9.800992063492046e-05
2 0.0006245242326332795 0.0015139404761904762 6.447011308562201e-05 6.178174603174603e-05
2 3.0616316639741526e-05 0.0017089494047619047 6.449596122778675e-05 6.187500000000004e-05
2 3.498788368336026e-05 0.0017556230158730156 6.449596122778675e-05 6.187301587301586e-05
2 4.110823909531503e-05 0.0018032648809523809 6.449434571890145e-05 6.187500000000004e-05
2 4.709935379644588e-05 0.0018528859126984128 6.45864297253635e-05 6.218849206349208e-05
2 5.1942649434571894e-05 0.0019076418650793652 6.447011308562197e-05 6.178373015873022e-05
2 0.0006176155088852989 0.001460077380952381 6.446849757673667e-05 6.178174603174603e-05
2 0.0006123158319870759 0.0014046924603174603 6.447011308562201e-05 6.178174603174603e-05
2 0.0005101252019386106 0.0005917271825396825 6.448303715670432e-05 6.183134920634919e-05
2 0.0005165290791599354 0.000640125 6.448303715670442e-05 6.183333333333327e-05
2 0.0005241155088852988 0.0006930654761904761 6.448303715670432e-05 6.183333333333338e-05
2 0.0005306785137318254 0.0007401140873015873 6.448465266558967e-05 6.183134920634931e-05
2 0.0005367617124394185 0.0007951785714285714 6.448303715670432e-05 6.183333333333338e-05
2 0.0005422673667205169 0.0008496557539682539 6.448303715670442e-05 6.183134920634919e-05
2 0.0005490557350565429 0.0008994801587301588 6.448303715670432e-05 6.183333333333338e-05
2 0.0005550516962843295 0.0009650962301587302 6.448465266558967e-05 6.183134920634931e-05
2 0.000560672859450727 0.001017718253968254 6.448303715670442e-05 6.183333333333327e-05
2 0.0005920848142164782 0.001255655753968254 6.448303715670442e-05 6.183134920634931e-05
2 0.0005992092084006462 0.0013039662698412697 6.448303715670432e-05 6.183333333333327e-05
2 0.0006076744749596123 0.0013533045634920634 6.448626817447493e-05 6.183134920634931e-05
2 0.0011433416801292407 0.0012542916666666668 4.276090468497589e-05 9.839285714285718e-05
2 0.00135975605815832 0.0004708472222222222 6.0516962843295715e-05 4.9750000000000023e-05
2 0.0013600234248788367 0.0005180555555555556 6.051534733441037e-05 4.9750000000000023e-05
2 0.001360553311793215 0.000569265873015873 6.051534733441037e-05 4.975000000000008e-05
2 0.001360553311793215 0.0006201150793650794 6.051534733441037e-05 4.974999999999997e-05
2 0.001360735056542811 0.0006669920634920635 6.0516962843295715e-05 4.974999999999997e-05
2 0.0013611042003231018 0.0007115555555555556 6.051534733441037e-05 4.975000000000008e-05
2 0.0013621583198707593 0.0007572440476190475 6.051696284329554e-05 4.974999999999997e-05
2 0.0011249491114701132 0.0010223263888888888 4.267689822294009e-05 9.833928571428576e-05
2 0.0011161502423263328 0.0006538204365079365 4.275928917609036e-05 9.839087301587312e-05
2 0.0010803432956381258 0.0006653839285714285 4.2760904684975714e-05 9.839087301587312e-05
2 0.00104916155088853 0.0006722946428571428 4.275928917609036e-05 9.839087301587301e-05
2 0.0010164474959612278 0.000682608134920635 4.275928917609036e-05 9.839087301587301e-05
2 0.0009847891760904684 0.0006891299603174603 4.2760904684975714e-05 9.839087301587301e-05
2 0.0009495024232633279 0.0006981478174603174 4.275928917609036e-05 9.839087301587312e-05
2 0.0009156841680129242 0.0007093144841269841 4.2760904684975714e-05 9.839087301587301e-05
2 0.0008834636510500808 0.0007181299603174604 4.275928917609036e-05 9.839087301587301e-05
2 0.0008496066235864298 0.0007272906746031747 4.2760904684975714e-05 9.839087301587301e-05
2 0.0008153416801292407 0.0007353680555555555 4.27609046849758e-05 9.839087301587301e-05
2 0.0007811922455573506 0.0007441835317460318 4.275928917609046e-05 9.839087301587312e-05
2 0.0007490242326332794 0.0007508561507936507 4.2759289176090546e-05 9.839087301587301e-05
2 0.0007331050080775443 0.0006241200396825397 4.275928917609046e-05 9.839087301587301e-05
2 0.0007280282714054928 0.00039083531746031744 4.267366720516966e-05 9.833730158730158e-05
2 0.0006207075928917609 4.539484126984127e-05 4.267528271405492e-05 9.833730158730159e-05
2 0.0005865056542810986 5.260218253968254e-05 4.442649434571885e-05 0.00010556150793650793
2 0.0005865056542810986 5.260119047619048e-05 4.442649434571885e-05 0.0001055595238095238
2 0.0005538336025848142 6.0377976190476186e-05 4.458804523424881e-05 0.00010565277777777778
2 0.0003098352180936995 0.00023194543650793652 4.78029079159935e-05 0.00010397420634920636
2 0.0003423174474959612 0.00022174801587301587 4.709693053311795e-05 0.00010349999999999998
2 0.0003787665589660743 0.00021300793650793652 4.621163166397418e-05 0.00010288888888888892
2 0.00041116478190630055 0.00020261111111111112 4.621001615508888e-05 0.00010288888888888885
2 0.0004455460420032309 0.0001910019841269841 4.621001615508888e-05 0.00010288888888888888
2 0.0005193004846526655 6.872619047619048e-05 4.6213247172859484e-05 0.00010288888888888888
