2 7.902584814216479e-05 0.0005855337301587302 0.00010210016155088854 8.461111111111114e-05
2 9.444264943457189e-05 0.0006803412698412698 0.00010210016155088854 8.461111111111103e-05
2 0.00010976413570274638 0.0007861140873015873 0.00010210016155088851 8.460912698412695e-05
2 0.0001174281098546042 0.0008339414682539683 0.00010210016155088854 8.460912698412707e-05
2 0.00014861550888529886 0.0010962331349206348 0.00010210016155088851 8.460912698412695e-05
2 0.0001630210016155089 0.001240049603174603 0.00010210016155088851 8.461111111111114e-05
2 0.00017037722132471727 0.001294214285714286 0.00010209854604200322 8.461111111111114e-05
2 0.0001800193861066236 0.0013480803571428572 0.00010210339256865912 8.460912698412695e-05
2 0.0006571316639741518 0.00022138392857142856 4.259935379644593e-05 0.00010899007936507935
2 0.0006193699515347334 0.0002226656746031746 4.259773828756059e-05 0.00010899007936507938
2 0.0005800928917609046 0.00022235912698412698 4.2599353796445845e-05 0.00010899206349206348
2 0.000545562197092084 0.00022242956349206348 4.259773828756059e-05 0.00010899007936507935
2 0.000512575928917609 0.00023066170634920637 4.259935379644593e-05 0.00010899007936507938
2 0.00047823021001615514 0.00023839781746031746 4.259935379644593e-05 0.00010899007936507935
2 0.00044364943457189004 0.0002482490079365079 4.259773828756059e-05 0.00010899007936507935
2 0.00040917043618739907 0.00025736706349206354 4.2599353796445885e-05 0.00010899206349206351
2 0.0003779151857835218 0.00027087698412698414 4.2599353796445885e-05 0.00010899206349206348
2 0.0003444822294022617 0.00028220535714285717 4.2599353796445885e-05 0.00010899007936507933
2 0.00031122132471728597 0.0002932738095238095 4.259773828756059e-05 0.00010899206349206346
2 0.00027675767366720517 0.00030387003968253973 4.221647819063003e-05 0.00010881150793650794
2 0.0010234684975767366 0.0004737688492063492 3.8555735056542895e-05 0.00010566071428571422
2 0.0009908578352180938 0.00048433531746031744 3.855573505654272e-05 0.00010566269841269835
2 0.0009550516962843296 0.0004894037698412697 3.8555735056542895e-05 0.00010566071428571422
2 0.0009217988691437802 0.0004985644841269841 3.855735056542806e-05 0.00010566071428571433
2 0.0008903626817447497 0.000503326388888889 3.855735056542806e-05 0.00010566071428571433
2 0.0008547318255250403 0.000507842261904762 3.855896607431341e-05 0.00010566071428571433
2 0.0007467148626817448 0.0007912222222222222 4.211470113085614e-05 9.78492063492063e-05
2 0.0007132043618739904 0.0008000198412698413 4.211470113085623e-05 9.78492063492064e-05
2 0.0006791017770597737 0.0008133819444444445 4.211631663974149e-05 9.785119047619048e-05
2 0.0006438925686591277 0.0008250128968253968 4.211470113085623e-05 9.785119047619048e-05
2 0.0007851542810985461 0.0009194513888888888 4.211470113085623e-05 9.785119047619048e-05
2 0.0007524838449111471 0.0009307936507936507 4.211470113085623e-05 9.78492063492063e-05
2 0.0007214870759289176 0.0009381061507936508 4.211470113085623e-05 9.785119047619048e-05
2 0.0006929911147011309 0.0009434990079365079 4.211470113085623e-05 9.785119047619048e-05
2 0.000662697899838449 0.0009518015873015873 4.211631663974149e-05 9.78492063492063e-05
2 0.0006284111470113086 0.0009634732142857142 4.211470113085623e-05 9.785119047619037e-05
2 0.0006124046849757674 0.0008336180555555555 4.211470113085623e-05 9.785119047619048e-05
2 0.0005779636510500808 0.0008420505952380951 4.211470113085623e-05 9.785119047619048e-05
2 0.0007290282714054926 0.0004145327380952381 4.156865912762521e-05 0.00010018849206349203
2 0.0006447116316639741 0.0004459821428571429 4.156865912762512e-05 0.00010019047619047616
2 0.0006092609046849757 0.00045628769841269843 4.156865912762521e-05 0.00010019047619047627
2 0.0005774466882067852 0.0004647976190476191 4.156865912762521e-05 0.00010019047619047621
2 0.0005419967689822294 0.00047891468253968253 4.156704361873986e-05 0.00010019047619047616
2 0.0004950492730210015 0.0004931736111111111 4.156865912762521e-05 0.00010018849206349208
2 0.0004638190630048466 0.0004994335317460317 4.156704361873986e-05 0.00010018849206349203
2 0.0004294507269789984 0.0005091111111111111 4.156704361873995e-05 0.00010019047619047616
2 0.0003996857835218094 0.0005117152777777777 4.1568659127625167e-05 0.00010018849206349208
2 0.0003672891760904685 0.0005211865079365079 4.156704361873991e-05 0.00010019047619047621
2 0.00033595153473344103 0.0005318859126984127 4.156704361873986e-05 0.00010018849206349208
2 0.00030329806138933765 0.0005373462301587301 4.156865912762521e-05 0.00010018849206349208
2 0.0007787237479806138 0.0005404960317460317 4.156704361873986e-05 0.00010019047619047616
2 0.0007467851373182552 0.0005479017857142857 4.156704361873995e-05 0.00010018849206349208
2 0.0007158327948303716 0.0005592331349206349 4.156865912762521e-05 0.00010018849206349208
2 0.0006856009693053311 0.0005665674603174603 4.156704361873986e-05 0.00010019047619047627
2 0.0006523529886914378 0.0005752291666666667 4.156865912762521e-05 0.00010018849206349208
2 0.0006190460420032309 0.0005889087301587302 4.156865912762521e-05 0.00010019047619047616
2 0.0005891712439418416 0.0005947847222222221 4.156704361873995e-05 0.00010018849206349208
2 0.0005582754442649434 0.0006025525793650793 4.156865912762521e-05 0.00010018849206349208
2 0.0005102342487883683 0.0006126607142857142 4.156704361873986e-05 0.00010019047619047627
2 0.0004760694668820679 0.0006145773809523809 4.156704361873986e-05 0.00010019047619047616
2 0.000444232633279483 0.0006293640873015873 4.156704361873995e-05 0.00010018849206349208
2 0.0004133707592891761 0.0006370188492063492 4.1568659127625167e-05 0.00010018849206349197
2 0.0003820735056542811 0.0006513323412698414 4.156865912762521e-05 0.00010018849206349208
2 0.00034943861066235866 0.0006582242063492064 4.156865912762521e-05 0.00010019047619047616
2 0.00031718659127625204 0.0006660297619047619 4.156865912762521e-05 0.00010019047619047616
2 0.0005374628432956381 0.0012379037698412698 4.723586429725357e-05 0.00011585119047619031
2 0.0005095290791599354 0.0012454771825396826 4.723586429725357e-05 0.00011585119047619052
2 0.0004716033925686591 0.0012569950396825397 4.723586429725357e-05 0.00011585119047619052
2 0.00043463893376413567 0.0012708878968253968 4.723586429725366e-05 0.00011585119047619052
2 0.00039869870759289173 0.0012800128968253968 4.723586429725362e-05 0.00011585119047619031
2 0.00042709127625201936 0.0014170525793650796 4.723586429725362e-05 0.00011585119047619031
2 0.0004601292407108239 0.0014058343253968255 4.723424878836831e-05 0.00011585119047619052
2 0.0004900234248788368 0.0013992896825396823 4.723586429725366e-05 0.00011584920634920634
2 0.0005207907915993538 0.0013907817460317462 4.723586429725357e-05 0.00011584920634920634
2 0.0005577067851373183 0.001378842261904762 4.723586429725366e-05 0.00011585119047619052
2 0.0006203659127625202 0.0013610505952380953 4.723586429725357e-05 0.00011585119047619052
2 0.0006542657512116318 0.0013522073412698412 4.723586429725357e-05 0.00011585119047619052
2 0.0006872851373182552 0.0013420347222222221 4.723586429725366e-05 0.00011585119047619052
2 0.0007181025848142165 0.001325983134920635 4.723586429725366e-05 0.00011585119047619052
2 0.0007015500807754443 0.0011936349206349204 4.723586429725357e-05 0.00011584920634920634
2 0.0006674693053311794 0.0012004216269841269 4.723586429725366e-05 0.00011585119047619031
2 0.0006319135702746365 0.0012079573412698413 4.723586429725366e-05 0.00011585119047619052
2 0.0005998796445880452 0.0012163541666666666 4.723586429725357e-05 0.00011585119047619031
2 0.0005801882067851372 0.000990579365079365 4.723586429725357e-05 0.00011584920634920634
2 0.0005443602584814216 0.0009941696428571428 4.723424878836831e-05 0.00011585119047619042
2 0.0005128699515347334 0.0010014593253968255 4.723586429725366e-05 0.00011585119047619052
2 0.00048051777059773826 0.0010080605158730158 4.723586429725366e-05 0.00011585119047619042
2 0.00045017689822294025 0.0010236795634920633 4.723586429725366e-05 0.00011585119047619042
2 0.000421467689822294 0.0010336200396825397 4.723586429725362e-05 0.00011585119047619052
2 0.0003895193861066236 0.0010412371031746032 4.723586429725366e-05 0.00011585119047619042
2 0.00035313974151857835 0.0010512847222222223 4.723586429725366e-05 0.00011585119047619052
2 0.0005187940226171244 0.0008636894841269841 4.723586429725366e-05 0.00011585119047619052
2 0.0004857940226171244 0.0008727986111111111 4.723586429725366e-05 0.00011585119047619042
2 0.00045489903069466885 0.0008819712301587301 4.723586429725366e-05 0.00011585119047619052
2 0.00042311147011308555 0.0008939583333333334 4.813570274636509e-05 0.00011397619047619047
2 0.0003875605815831987 0.0009028045634920636 4.6203554119547635e-05 0.0001112519841269841
2 0.00035039741518578355 0.0009121626984126983 4.904684975767366e-05 0.00011591666666666673
