2 0.00012537964458804522 0.0015416021825396826 4.949596122778675e-05 0.00010882341269841266
2 0.00016088368336025847 0.0015334126984126984 4.949596122778675e-05 0.00010882539682539684
2 0.00019522940226171246 0.0015233462301587303 4.949596122778677e-05 0.00010882341269841266
2 0.00022954765751211632 0.0015143730158730159 4.949596122778675e-05 0.00010882539682539684
2 0.0014319911147011308 4.4101190476190474e-05 4.949757673667201e-05 0.00010882539682539683
2 0.0013968126009693054 5.506150793650794e-05 4.949596122778684e-05 0.00010882539682539683
2 0.0013620977382875607 6.33154761904762e-05 4.9407108239095356e-05 0.00010876587301587302
2 0.0013284127625201939 7.155952380952382e-05 4.940710823909518e-05 0.00010876587301587303
2 0.0012949765751211631 8.475595238095238e-05 4.9407108239095356e-05 0.000108765873015873
2 0.0012586203554119546 9.275297619047619e-05 4.94087237479807e-05 0.00010876785714285714
2 0.001227080775444265 0.00010427678571428571 4.9408723747980524e-05 0.00010876785714285712
2 0.0002630193861066236 0.0015084136904761904 4.940872374798061e-05 0.00010876785714285704
2 0.0005492657512116317 0.0012891904761904761 6.888368336025845e-05 5.98571428571428e-05
2 0.000548732633279483 0.0013474325396825397 6.888368336025845e-05 5.98571428571428e-05
2 0.000548732633279483 0.0013977738095238095 6.888368336025845e-05 5.9857142857143026e-05
2 0.0005478231017770598 0.0014491964285714286 6.888368336025854e-05 5.98571428571428e-05
2 0.0005469846526655897 0.0015015198412698413 6.888368336025845e-05 5.9857142857143026e-05
2 0.00039143053311793214 0.0016283154761904763 6.888368336025845e-05 5.98571428571428e-05
2 0.00038855169628432956 0.0019206805555555555 6.888368336025845e-05 5.98571428571428e-05
2 0.000135421647819063 0.0019098045634920633 7.05880452342488e-05 6.0990079365079284e-05
2 0.00014086510500807756 0.0018497619047619048 7.058966074313409e-05 6.0988095238095106e-05
2 0.00021263327948303713 0.0018553373015873014 7.058804523424878e-05 6.098809523809532e-05
2 0.0002132843295638126 0.0019130039682539682 6.894345718901453e-05 6.001190476190475e-05
2 0.0003893053311793215 0.0018632212301587302 6.894345718901453e-05 6.001388888888894e-05
2 0.0003925953150242327 0.0017983551587301588 6.88836833602585e-05 5.98571428571428e-05
2 0.0003908400646203554 0.001745999007936508 6.888529886914375e-05 5.985912698412699e-05
2 0.00039045638126009697 0.00168825 6.88836833602585e-05 5.98571428571428e-05
2 0.0005443764135702747 0.0015498670634920635 6.88852988691438e-05 5.98571428571428e-05
2 0.0005552560581583199 0.0010835734126984126 6.888368336025845e-05 5.98571428571428e-05
2 0.000555732633279483 0.0010240238095238095 6.888368336025845e-05 5.98571428571428e-05
2 0.000557580775444265 0.0009570773809523809 6.888368336025845e-05 5.98571428571428e-05
2 0.0005566276252019386 0.0008904325396825397 6.888368336025845e-05 5.98571428571428e-05
2 0.0005584466882067852 0.0007490148809523809 6.945234248788369e-05 6.136309523809531e-05
2 0.0005593642972536349 0.0006842996031746031 6.888368336025845e-05 5.98571428571428e-05
2 0.0005594071082390954 0.0006227876984126983 6.88852988691438e-05 5.985714285714291e-05
2 0.0005594071082390954 0.0005594543650793651 6.88852988691438e-05 5.985714285714291e-05
2 0.0005598546042003232 0.0005011706349206348 6.888529886914371e-05 5.985714285714291e-05
2 0.0005615953150242326 0.00044192162698412696 6.888368336025854e-05 5.985912698412699e-05
2 0.0005620218093699516 0.00038943650793650796 6.888368336025854e-05 5.9857142857142856e-05
2 0.0007423780290791599 0.00039917063492063496 6.88852988691438e-05 5.9857142857142856e-05
2 0.000741440226171244 0.0004566944444444444 6.888368336025845e-05 5.9857142857142856e-05
2 0.0007394143780290792 0.0005139702380952382 6.888368336025854e-05 5.9857142857142856e-05
2 0.0007381284329563813 0.000572672619047619 6.888368336025845e-05 5.985714285714291e-05
2 0.000738142972536349 0.0006292738095238095 6.888368336025845e-05 5.98571428571428e-05
2 0.0007377092084006462 0.0006844494047619048 6.88852988691438e-05 5.985912698412699e-05
2 0.0008457778675282715 0.000972154761904762 7.291599353796452e-05 7.08373015873015e-05
2 0.0008389555735056543 0.0009103650793650794 7.249273021001605e-05 6.918253968253971e-05
2 0.0008319410339256866 0.0008536468253968254 7.259289176090469e-05 6.956746031746028e-05
2 0.0008236623586429725 0.0007957162698412698 7.259127625201934e-05 6.956746031746028e-05
2 0.0008177988691437803 0.0007480555555555556 7.255735056542808e-05 6.942857142857136e-05
2 0.0009332302100161551 0.00030528075396825394 7.259289176090478e-05 6.956547619047616e-05
2 0.000939214054927302 0.000355031746031746 7.25928917609046e-05 6.956746031746033e-05
2 0.0009458659127625201 0.000409671626984127 7.259127625201944e-05 6.956547619047621e-05
2 0.000953739903069467 0.0004642569444444445 7.259127625201944e-05 6.956547619047621e-05
2 0.0009617132471728594 0.000520375992063492 7.25928917609046e-05 6.956547619047616e-05
2 0.0009718327948303716 0.0005769980158730159 7.259289176090478e-05 6.956746031746028e-05
2 0.0009768004846526655 0.000636922619047619 7.25928917609046e-05 6.956746031746028e-05
2 0.0009836938610662358 0.0006969970238095238 7.25928917609046e-05 6.956547619047621e-05
2 0.000994481421647819 0.0007726686507936509 7.259127625201944e-05 6.956746031746028e-05
2 0.0010017011308562195 0.0008295376984126984 7.259127625201944e-05 6.956746031746028e-05
2 0.001008921647819063 0.0008881974206349206 7.25928917609046e-05 6.956547619047621e-05
2 0.0010162770597738288 0.000944765873015873 7.25928917609046e-05 6.956746031746028e-05
2 0.0010234684975767366 0.0009983551587301588 7.259127625201925e-05 6.956746031746028e-05
2 0.001031506462035541 0.0010566498015873015 7.25928917609046e-05 6.956547619047621e-05
2 0.0010408796445880452 0.00111184623015873 7.259289176090478e-05 6.956547619047621e-05
2 0.0010533586429725362 0.001170752976190476 7.259127625201944e-05 6.956547619047621e-05
2 0.0011444927302100161 0.0011511140873015874 7.259127625201944e-05 6.956547619047621e-05
2 0.0011376066235864299 0.001095016865079365 7.259289176090478e-05 6.956547619047621e-05
2 0.0011260791599353795 0.001038308531746032 7.259127625201944e-05 6.956547619047621e-05
2 0.0011192714054927303 0.0009869702380952382 7.259127625201944e-05 6.956746031746028e-05
2 0.0011153344103392569 0.0009313878968253968 7.259127625201944e-05 6.956547619047621e-05
2 0.001108668012924071 0.0008788601190476191 7.25928917609046e-05 6.956547619047621e-05
2 0.0011014337641357028 0.0008266537698412698 7.25928917609046e-05 6.956547619047621e-05
2 0.0010958699515347334 0.0007761855158730158 7.25928917609046e-05 6.956547619047609e-05
2 0.0010899143780290792 0.0007261765873015873 7.27205169628433e-05 7.4531746031746e-05
2 0.00108135056542811 0.0006658670634920636 7.27205169628433e-05 7.4531746031746e-05
2 0.0010719127625201939 0.0006092857142857143 7.27205169628433e-05 7.4531746031746e-05
2 0.0010647003231017771 0.0005530813492063492 7.271890145395813e-05 7.4531746031746e-05
2 0.0010584684975767367 0.0004987757936507937 7.27205169628433e-05 7.4531746031746e-05
2 0.0010526050080775446 0.0004454970238095238 7.271890145395813e-05 7.453373015873019e-05
