2 0.0005713974151857835 0.00047469841269841273 0.00010480775444264941 0.00010651190476190477
2 0.0005999127625201938 0.0007146517857142858 0.00010480775444264941 0.00010650992063492071
2 0.0006071486268174474 0.000788453373015873 0.00010480775444264941 0.00010650992063492071
2 0.0009954798061389337 0.0017798412698412697 0.00010480775444264951 0.00010651190476190477
2 0.0009792802907915995 0.0016939305555555555 0.00010480613893376399 0.00010651190476190477
2 0.0009610177705977383 0.0016140853174603175 0.00010480775444264933 0.00010651190476190477
2 0.000955297253634895 0.0014470416666666666 0.00010480775444264933 0.00010651190476190477
2 0.0009426688206785138 0.0013448472222222223 0.00010480775444264951 0.00010651190476190477
2 0.0009195678513731826 0.0011855972222222222 0.00010480613893376416 0.00010651190476190477
2 0.0009117067851373182 0.0011025843253968254 0.00010480613893376416 0.0001065099206349206
2 0.0008985589660743135 0.0010190039682539682 0.00010480775444264951 0.00010651190476190477
2 0.000887467689822294 0.0009327500000000001 0.00010480613893376416 0.00010651190476190477
2 0.0008773505654281099 0.0008499097222222222 0.00010480775444264933 0.00010650992063492071
2 0.0008593796445880452 0.0006590248015873017 0.00010480775444264933 0.0001065099206349206
2 0.0008476760904684976 0.0005838382936507936 0.00010480613893376416 0.00010650992063492071
2 0.0008393659127625201 0.0005069126984126984 0.00010480613893376407 0.00010651190476190472
2 0.0008246033925686591 0.0004209920634920635 0.00010480613893376416 0.00010651190476190477
2 0.0008091155088852988 0.0003372936507936508 0.00010480613893376407 0.00010651190476190477
2 0.0008004927302100162 0.0002542698412698412 0.00010480775444264951 0.00010651190476190474
2 0.0005416090468497577 0.0002464771825396825 0.00010480775444264951 0.00010650992063492065
2 0.0005511138933764135 0.0003166716269841269 0.00010480613893376416 0.00010650992063492065
2 0.000561437802907916 0.0003997797619047619 0.00010480775444264941 0.00010651190476190477
2 0.0006188659127625202 0.0009300128968253968 0.00010480775444264941 0.0001065099206349206
2 0.0006307964458804523 0.0010054890873015872 0.00010480775444264951 0.00010650992063492071
2 0.0006426284329563813 0.0010768531746031746 0.00010480775444264951 0.00010651190476190477
2 0.0006513004846526656 0.0011573531746031747 0.00010480775444264941 0.00010651190476190477
2 0.0006646050080775445 0.001237670634920635 0.00010480613893376416 0.00010651190476190477
2 0.0006765500807754443 0.0013102380952380954 0.00010480613893376416 0.00010651190476190455
2 0.000686859450726979 0.0013861001984126985 0.00010480775444264941 0.00010650992063492082
2 0.0006965064620355412 0.0014646468253968253 0.00010480613893376416 0.00010651190476190477
2 0.0007085516962843295 0.001546843253968254 0.00010480613893376407 0.00010651190476190477
2 0.0007175654281098546 0.0016238432539682538 0.00010480775444264941 0.00010651190476190477
2 0.000729126817447496 0.0017007688492063492 0.00010480613893376416 0.00010650992063492082
2 0.0007400331179321486 0.0017751815476190476 0.00010480290791599348 0.00010651388888888896
