2 0.327520 0.266089 0.321257 0.226336 0.379870 0.212407 0.386133 0.252160
2 0.345171 0.387025 0.338908 0.347272 0.397521 0.333344 0.403784 0.373097
2 0.349650 0.424221 0.343387 0.384468 0.402000 0.370540 0.408263 0.410293
2 0.590027 0.923881 0.583764 0.884128 0.642377 0.870199 0.648640 0.909952
2 0.579999 0.880582 0.573737 0.840829 0.632350 0.826900 0.638612 0.866653
2 0.568695 0.840340 0.562432 0.800587 0.621045 0.786658 0.627308 0.826411
2 0.565154 0.756150 0.558891 0.716397 0.617504 0.702468 0.623767 0.742221
2 0.557337 0.704644 0.551074 0.664891 0.609687 0.650962 0.615950 0.690715
2 0.543038 0.624382 0.536775 0.584629 0.595388 0.570700 0.601650 0.610453
2 0.538171 0.582543 0.531909 0.542791 0.590521 0.528862 0.596784 0.568615
2 0.530033 0.540419 0.523770 0.500666 0.582383 0.486737 0.588646 0.526490
2 0.523167 0.496947 0.516905 0.457194 0.575517 0.443265 0.581780 0.483018
2 0.516905 0.455195 0.510642 0.415442 0.569255 0.401514 0.575518 0.441267
2 0.505781 0.358989 0.499518 0.319236 0.558131 0.305308 0.564394 0.345061
2 0.498536 0.321095 0.492274 0.281342 0.550886 0.267414 0.557149 0.307167
2 0.493393 0.282325 0.487130 0.242572 0.545743 0.228643 0.552005 0.268396
2 0.484255 0.239021 0.477992 0.199268 0.536605 0.185339 0.542867 0.225092
2 0.474667 0.196837 0.468405 0.157084 0.527017 0.143155 0.533280 0.182908
2 0.469330 0.154993 0.463067 0.115240 0.521680 0.101311 0.527943 0.141064
2 0.309081 0.151065 0.302818 0.111312 0.361431 0.097384 0.367694 0.137137
2 0.314965 0.186443 0.308702 0.146690 0.367315 0.132762 0.373577 0.172515
2 0.321355 0.228330 0.315092 0.188577 0.373705 0.174648 0.379968 0.214401
2 0.356903 0.495567 0.350640 0.455814 0.409253 0.441886 0.415516 0.481639
2 0.364288 0.533607 0.358025 0.493854 0.416638 0.479926 0.422901 0.519679
2 0.371612 0.569575 0.365349 0.529822 0.423962 0.515893 0.430225 0.555646
2 0.376980 0.610147 0.370717 0.570394 0.429330 0.556465 0.435593 0.596218
2 0.385215 0.650627 0.378953 0.610874 0.437566 0.596945 0.443828 0.636698
2 0.392610 0.687201 0.386347 0.647448 0.444960 0.633519 0.451222 0.673272
2 0.398991 0.725435 0.392728 0.685683 0.451341 0.671754 0.457604 0.711507
2 0.404962 0.765023 0.398700 0.725270 0.457313 0.711341 0.463575 0.751094
2 0.412418 0.806450 0.406156 0.766697 0.464768 0.752768 0.471031 0.792521
2 0.417998 0.845258 0.411735 0.805505 0.470348 0.791576 0.476611 0.831329
2 0.425154 0.884028 0.418892 0.844275 0.477504 0.830347 0.483767 0.870099
2 0.431904 0.921533 0.490517 0.907604 0.484257 0.867850 0.425644 0.881779