2 0.068646 0.507726 0.088878 0.487964 0.062743 0.447585 0.042511 0.467348
2 0.173340 0.328166 0.178900 0.285688 0.196252 0.289114 0.190693 0.331592
2 0.192516 0.331552 0.198778 0.289222 0.216070 0.293081 0.209808 0.335412
2 0.197069 0.451066 0.206428 0.409606 0.223364 0.415372 0.214005 0.456832
2 0.212859 0.338467 0.222218 0.297007 0.239154 0.302774 0.229795 0.344234
2 0.257456 0.353607 0.267448 0.312370 0.284293 0.318528 0.274301 0.359765
2 0.255061 0.486384 0.279019 0.454991 0.291841 0.469751 0.267883 0.501144
2 0.336711 0.404392 0.360669 0.372999 0.373491 0.387759 0.349533 0.419152
2 0.373137 0.451842 0.399379 0.425428 0.410642 0.442307 0.384400 0.468721
2 0.298786 0.542225 0.325028 0.515811 0.336291 0.532690 0.310049 0.559104
2 0.286490 0.521122 0.312732 0.494708 0.323995 0.511587 0.297753 0.538001
2 0.270801 0.503008 0.297044 0.476594 0.308307 0.493472 0.282065 0.519886
2 0.356851 0.432344 0.368114 0.449223 0.394360 0.422815 0.383097 0.405936
2 0.792102 0.711813 0.787297 0.668563 0.803303 0.665880 0.808108 0.709130
2 0.764713 0.717364 0.759908 0.674114 0.775914 0.671431 0.780720 0.714681
2 0.746820 0.721235 0.742015 0.677985 0.758021 0.675302 0.762826 0.718552
2 0.889607 0.682811 0.884802 0.639561 0.900808 0.636879 0.905613 0.680129
2 0.871027 0.686055 0.866222 0.642805 0.882228 0.640123 0.887034 0.683373
2 0.853842 0.690062 0.849037 0.646812 0.865043 0.644129 0.869848 0.687380
2 0.836255 0.693265 0.831450 0.650015 0.847456 0.647332 0.852261 0.690582
2 0.903863 0.752116 0.899058 0.708866 0.915064 0.706183 0.919869 0.749434
2 0.882485 0.753975 0.877680 0.710725 0.893686 0.708042 0.898491 0.751293
2 0.856249 0.759640 0.851444 0.716389 0.867450 0.713707 0.872255 0.756957
2 0.835538 0.762959 0.830733 0.719709 0.846739 0.717026 0.851545 0.760276
2 0.802741 0.772456 0.796158 0.729559 0.812033 0.725886 0.818616 0.768782
2 0.783312 0.777962 0.778507 0.734712 0.794513 0.732029 0.799318 0.775280
2 0.764627 0.781663 0.759822 0.738412 0.775828 0.735730 0.780634 0.778980
2 0.745939 0.787206 0.741134 0.743955 0.757140 0.741273 0.761945 0.784523
2 0.727930 0.792180 0.723125 0.748930 0.739132 0.746248 0.743937 0.789498
2 0.710678 0.795562 0.705873 0.752312 0.721879 0.749629 0.726684 0.792879
2 0.693855 0.800647 0.689049 0.757397 0.705056 0.754715 0.709861 0.797965
2 0.728750 0.724070 0.723945 0.680820 0.739951 0.678137 0.744756 0.721387
2 0.710490 0.727384 0.705685 0.684133 0.721691 0.681451 0.726497 0.724701
2 0.693055 0.731617 0.688250 0.688367 0.704256 0.685685 0.709061 0.728935
2 0.674078 0.735856 0.669273 0.692606 0.685279 0.689924 0.690084 0.733174
2 0.656244 0.740163 0.651438 0.696913 0.667445 0.694230 0.672250 0.737480
2 0.656609 0.808455 0.651804 0.765204 0.667810 0.762522 0.672615 0.805772
2 0.638400 0.813118 0.633595 0.769868 0.649602 0.767186 0.654407 0.810436
2 0.619309 0.817598 0.614504 0.774348 0.630510 0.771665 0.635315 0.814916
2 0.602051 0.820939 0.597246 0.777689 0.613253 0.775006 0.618058 0.818256
2 0.583805 0.825659 0.579000 0.782409 0.595006 0.779727 0.599812 0.822977
2 0.562694 0.827654 0.561208 0.784042 0.577349 0.783212 0.578834 0.826825
2 0.544075 0.829778 0.542590 0.786165 0.558730 0.785336 0.560216 0.828949
2 0.525069 0.830944 0.541210 0.830114 0.539725 0.786502 0.523584 0.787332
2 0.933509 0.552972 0.926389 0.504146 0.948652 0.499249 0.955772 0.548075
2 0.913827 0.559174 0.906707 0.510347 0.928970 0.505450 0.936090 0.554277
2 0.889474 0.565141 0.882354 0.516315 0.904617 0.511418 0.911737 0.560245
2 0.870138 0.572092 0.863018 0.523265 0.885281 0.518368 0.892401 0.567195
2 0.851398 0.575829 0.844278 0.527003 0.866541 0.522106 0.873661 0.570933
2 0.780920 0.595841 0.773800 0.547014 0.796063 0.542117 0.803183 0.590943
2 0.757807 0.600228 0.750687 0.551402 0.772950 0.546505 0.780070 0.595331
2 0.734125 0.605709 0.727005 0.556883 0.749268 0.551986 0.756388 0.600812
2 0.713976 0.610594 0.706856 0.561768 0.729119 0.556871 0.736239 0.605697
2 0.694422 0.615266 0.687302 0.566440 0.709565 0.561543 0.716685 0.610369
2 0.673728 0.619833 0.666608 0.571006 0.688871 0.566109 0.695991 0.614936
2 0.653150 0.624983 0.646030 0.576157 0.668293 0.571260 0.675413 0.620086
2 0.633706 0.632349 0.626586 0.583523 0.648849 0.578626 0.655969 0.627452
2 0.611449 0.638317 0.604329 0.589491 0.626592 0.584594 0.633712 0.633420
2 0.587263 0.643392 0.580142 0.594566 0.602405 0.589669 0.609526 0.638495
2 0.566604 0.647509 0.559484 0.598683 0.581747 0.593786 0.588867 0.642612
2 0.546201 0.651069 0.539081 0.602243 0.561344 0.597346 0.568464 0.646172
2 0.610625 0.759645 0.603505 0.710818 0.625768 0.705921 0.632888 0.754748
2 0.586662 0.763249 0.579542 0.714423 0.601805 0.709526 0.608925 0.758352
2 0.563571 0.766261 0.556451 0.717435 0.578714 0.712538 0.585834 0.761364
2 0.541408 0.768631 0.534288 0.719804 0.556551 0.714907 0.563671 0.763734
2 0.732143 0.917149 0.725023 0.868323 0.747286 0.863426 0.754406 0.912252
2 0.666658 0.933302 0.659538 0.884476 0.681801 0.879579 0.688921 0.928405
2 0.520169 0.771334 0.513049 0.722508 0.535312 0.717611 0.542432 0.766437
2 0.505954 0.659139 0.528217 0.654242 0.521096 0.605416 0.498833 0.610313