2 0.069613 0.804391 0.062291 0.754729 0.085608 0.749544 0.092929 0.799206
2 0.091590 0.800264 0.084268 0.750601 0.107585 0.745416 0.114906 0.795079
2 0.112850 0.795190 0.105528 0.745528 0.128845 0.740343 0.136166 0.790005
2 0.134092 0.790668 0.126771 0.741005 0.150087 0.735820 0.157409 0.785483
2 0.878406 0.049651 0.871083 -0.000011 0.894399 -0.005197 0.901722 0.044466
2 0.856630 0.055175 0.849308 0.005512 0.872624 0.000327 0.879946 0.049989
2 0.835108 0.059320 0.827847 0.009644 0.851169 0.004502 0.858430 0.054178
2 0.814257 0.063475 0.806996 0.013799 0.830318 0.008657 0.837579 0.058333
2 0.793560 0.070126 0.786299 0.020450 0.809621 0.015308 0.816882 0.064984
2 0.771055 0.074157 0.763794 0.024480 0.787116 0.019338 0.794378 0.069014
2 0.751532 0.079965 0.744271 0.030288 0.767594 0.025146 0.774855 0.074822
2 0.154778 0.787650 0.147517 0.737974 0.170839 0.732831 0.178101 0.782507
2 0.318676 0.664779 0.318703 0.634668 0.361315 0.634726 0.361288 0.664836
2 0.318346 0.694133 0.318373 0.664022 0.360985 0.664079 0.360958 0.694190
2 0.318346 0.719505 0.318373 0.689394 0.360985 0.689451 0.360958 0.719562
2 0.317783 0.745422 0.317810 0.715311 0.360422 0.715368 0.360395 0.745479
2 0.317264 0.771793 0.317291 0.741682 0.359903 0.741740 0.359876 0.771850
2 0.220976 0.835698 0.221002 0.805587 0.263615 0.805644 0.263588 0.835755
2 0.219194 0.983049 0.219221 0.952939 0.261833 0.952996 0.261807 0.983107
2 0.061979 0.977772 0.062043 0.947172 0.105673 0.947311 0.105609 0.977911
2 0.065348 0.947510 0.065413 0.916911 0.109043 0.917050 0.108978 0.947649
2 0.109773 0.950320 0.109838 0.919721 0.153467 0.919859 0.153403 0.950459
2 0.110685 0.979142 0.110748 0.949031 0.153361 0.949167 0.153297 0.979277
2 0.219642 0.954051 0.219706 0.923940 0.262318 0.924076 0.262254 0.954187
2 0.221697 0.921398 0.221724 0.891287 0.264336 0.891344 0.264310 0.921455
2 0.220610 0.895010 0.220637 0.864899 0.263250 0.864957 0.263223 0.895068
2 0.220373 0.865905 0.220400 0.835794 0.263012 0.835851 0.262985 0.865962
2 0.315649 0.796160 0.315676 0.766049 0.358289 0.766106 0.358262 0.796217
2 0.322384 0.561147 0.322411 0.531037 0.365023 0.531094 0.364997 0.561205
2 0.322679 0.531135 0.322706 0.501024 0.365318 0.501081 0.365291 0.531192
2 0.323823 0.497394 0.323849 0.467283 0.366462 0.467340 0.366435 0.497451
2 0.323233 0.463805 0.323260 0.433694 0.365872 0.433751 0.365846 0.463862
2 0.324183 0.392148 0.324567 0.362040 0.367174 0.362859 0.366791 0.392967
2 0.324927 0.359913 0.324954 0.329803 0.367566 0.329860 0.367539 0.359971
2 0.324953 0.328912 0.324980 0.298801 0.367593 0.298858 0.367566 0.328969
2 0.324953 0.296992 0.324980 0.266881 0.367593 0.266938 0.367566 0.297049
2 0.325230 0.267617 0.325257 0.237506 0.367870 0.237563 0.367843 0.267674
2 0.326308 0.237755 0.326335 0.207644 0.368947 0.207702 0.368921 0.237813
2 0.326572 0.211303 0.326599 0.181192 0.369211 0.181249 0.369185 0.211360
2 0.438212 0.216209 0.438239 0.186098 0.480852 0.186155 0.480825 0.216266
2 0.437632 0.245200 0.437659 0.215090 0.480271 0.215147 0.480244 0.245258
2 0.436378 0.274068 0.436405 0.243957 0.479017 0.244014 0.478991 0.274125
2 0.435582 0.303654 0.435609 0.273543 0.478221 0.273600 0.478194 0.303711
2 0.435591 0.332181 0.435617 0.302070 0.478230 0.302127 0.478203 0.332238
2 0.435322 0.359989 0.435349 0.329878 0.477962 0.329936 0.477935 0.360047
2 0.504904 0.507817 0.500969 0.481357 0.542169 0.472115 0.546104 0.498576
2 0.500421 0.476258 0.496877 0.449715 0.538206 0.441390 0.541750 0.467934
2 0.496139 0.447769 0.492504 0.421244 0.533804 0.412707 0.537439 0.439232
2 0.491014 0.418572 0.487380 0.392047 0.528680 0.383510 0.532314 0.410035
2 0.487364 0.394516 0.483761 0.367984 0.525072 0.359524 0.528674 0.386056
2 0.558837 0.171392 0.555202 0.144867 0.596502 0.136331 0.600137 0.162856
2 0.562541 0.196467 0.558906 0.169942 0.600206 0.161405 0.603841 0.187930
2 0.566658 0.224005 0.563024 0.197480 0.604324 0.188944 0.607958 0.215468
2 0.571532 0.251516 0.567898 0.224991 0.609198 0.216455 0.612832 0.242980
2 0.576468 0.279800 0.572833 0.253275 0.614133 0.244739 0.617768 0.271264
2 0.582732 0.308338 0.579097 0.281813 0.620397 0.273276 0.624032 0.299801
2 0.585807 0.338540 0.582172 0.312015 0.623472 0.303478 0.627107 0.330003
2 0.590074 0.368817 0.586439 0.342292 0.627739 0.333756 0.631374 0.360281
2 0.596751 0.406956 0.593117 0.380431 0.634417 0.371894 0.638051 0.398419
2 0.601220 0.435618 0.597586 0.409093 0.638886 0.400556 0.642520 0.427081
2 0.605690 0.465182 0.602055 0.438657 0.643355 0.430121 0.646990 0.456646
2 0.610243 0.493693 0.606608 0.467168 0.647908 0.458631 0.651543 0.485156
2 0.614694 0.520702 0.611060 0.494177 0.652360 0.485640 0.655994 0.512165
2 0.619670 0.550082 0.616035 0.523557 0.657335 0.515021 0.660970 0.541546
2 0.625472 0.577901 0.621837 0.551376 0.663137 0.542840 0.666772 0.569365
2 0.633196 0.607590 0.629562 0.581065 0.670862 0.572529 0.674496 0.599054
2 0.689608 0.597692 0.685974 0.571167 0.727274 0.562631 0.730908 0.589156
2 0.685346 0.569419 0.681711 0.542894 0.723011 0.534358 0.726646 0.560883
2 0.678210 0.540838 0.674576 0.514313 0.715876 0.505777 0.719510 0.532302
2 0.673996 0.514964 0.670362 0.488439 0.711662 0.479902 0.715296 0.506427
2 0.671559 0.486950 0.667925 0.460425 0.709225 0.451889 0.712859 0.478414
2 0.667433 0.460476 0.663798 0.433951 0.705098 0.425415 0.708733 0.451940
2 0.662955 0.434164 0.659320 0.407639 0.700620 0.399103 0.704255 0.425628
2 0.659510 0.408728 0.655876 0.382203 0.697176 0.373667 0.700811 0.400192
2 0.656135 0.384775 0.652150 0.355691 0.693179 0.347211 0.697164 0.376295
2 0.650835 0.354379 0.646849 0.325295 0.687878 0.316815 0.691863 0.345898
2 0.644993 0.325862 0.641007 0.296779 0.682036 0.288298 0.686021 0.317382
2 0.640528 0.297535 0.636543 0.268452 0.677571 0.259971 0.681556 0.289055
2 0.636670 0.270165 0.632685 0.241081 0.673713 0.232601 0.677699 0.261684
2 0.633041 0.243313 0.674069 0.234832 0.670084 0.205748 0.629056 0.214229