2 0.088881 0.742267 0.084732 0.711125 0.141048 0.694553 0.145198 0.725694
2 0.043522 0.406146 0.039373 0.375005 0.095690 0.358432 0.099839 0.389573
2 0.080033 0.680542 0.075916 0.649391 0.132250 0.632950 0.136367 0.664101
2 0.039266 0.370576 0.035149 0.339425 0.091483 0.322984 0.095600 0.354135
2 0.032147 0.334575 0.028030 0.303424 0.084365 0.286983 0.088481 0.318134
2 0.066713 0.585208 0.062597 0.554058 0.118931 0.537616 0.123047 0.568767
2 0.046190 0.435910 0.042074 0.404759 0.098408 0.388318 0.102525 0.419469
2 0.080032 0.680542 0.136366 0.664101 0.132251 0.632950 0.075917 0.649391
2 0.647630 0.203049 0.643465 0.151834 0.663347 0.148263 0.667512 0.199478
2 0.625373 0.208733 0.621208 0.157519 0.641090 0.153948 0.645255 0.205162
2 0.605112 0.214077 0.600947 0.162862 0.620829 0.159292 0.624994 0.210506
2 0.586654 0.220740 0.582489 0.169526 0.602372 0.165955 0.606536 0.217170
2 0.566331 0.224708 0.562166 0.173493 0.582048 0.169922 0.586213 0.221137
2 0.545029 0.229783 0.540865 0.178569 0.560747 0.174998 0.564912 0.226212
2 0.164808 0.112887 0.159518 0.051884 0.180705 0.047827 0.185994 0.108830
2 0.284055 0.701032 0.281293 0.639661 0.302607 0.637543 0.305369 0.698913
2 0.260268 0.701202 0.257506 0.639832 0.278820 0.637713 0.281582 0.699084
2 0.240428 0.710793 0.237666 0.649423 0.258980 0.647304 0.261742 0.708675
2 0.279479 0.787367 0.276717 0.725997 0.298032 0.723878 0.300793 0.785249
2 0.256902 0.792767 0.254140 0.731397 0.275455 0.729279 0.278216 0.790650
2 0.298672 0.778667 0.293382 0.717664 0.314569 0.713607 0.319858 0.774610
2 0.356771 0.760326 0.351482 0.699323 0.372668 0.695266 0.377958 0.756269
2 0.376234 0.752729 0.370945 0.691725 0.392131 0.687668 0.397421 0.748672
2 0.395809 0.749017 0.390519 0.688014 0.411706 0.683957 0.416996 0.744960
2 0.414627 0.744957 0.409338 0.683953 0.430525 0.679896 0.435814 0.740900
2 0.435440 0.739812 0.430150 0.678809 0.451337 0.674752 0.456626 0.735755
2 0.429657 0.655535 0.424367 0.594532 0.445554 0.590475 0.450843 0.651478
2 0.408355 0.662048 0.403066 0.601045 0.424253 0.596988 0.429542 0.657991
2 0.386614 0.664895 0.381325 0.603892 0.402512 0.599834 0.407801 0.660838
2 0.366130 0.674356 0.360840 0.613353 0.382027 0.609296 0.387316 0.670299
2 0.355309 0.065243 0.350293 0.004188 0.371497 0.000341 0.376513 0.061395
2 0.206009 0.100868 0.200719 0.039865 0.221906 0.035808 0.227196 0.096811
2 0.186947 0.108352 0.181658 0.047348 0.202845 0.043291 0.208134 0.104295
2 0.333769 0.065651 0.329883 0.004415 0.351150 0.001435 0.355037 0.062671
2 0.311568 0.070256 0.306278 0.009252 0.327465 0.005195 0.332755 0.066199
2 0.290365 0.076403 0.285075 0.015400 0.306262 0.011343 0.311551 0.072346
2 0.269009 0.083737 0.263719 0.022733 0.284906 0.018676 0.290196 0.079680
2 0.247677 0.088102 0.242388 0.027098 0.263575 0.023041 0.268864 0.084045
2 0.228454 0.094587 0.249640 0.090530 0.244353 0.029526 0.223167 0.033583
2 0.250598 0.549520 0.244793 0.498704 0.264368 0.493766 0.270173 0.544582
2 0.230832 0.553333 0.225027 0.502517 0.244601 0.497578 0.250407 0.548395
2 0.482113 0.485924 0.476308 0.435108 0.495883 0.430169 0.501688 0.480986
2 0.461306 0.489696 0.455501 0.438880 0.475076 0.433941 0.480881 0.484758
2 0.441633 0.497424 0.435828 0.446607 0.455402 0.441669 0.461208 0.492485
2 0.422457 0.501326 0.416652 0.450509 0.436226 0.445571 0.442031 0.496387
2 0.403997 0.507209 0.398191 0.456393 0.417766 0.451455 0.423571 0.502271
2 0.384263 0.513747 0.378458 0.462931 0.398032 0.457992 0.403838 0.508808
2 0.350754 0.523220 0.344949 0.472404 0.364523 0.467465 0.370328 0.518282
2 0.331004 0.530180 0.325199 0.479364 0.344774 0.474425 0.350579 0.525241
2 0.311984 0.534086 0.306179 0.483270 0.325753 0.478331 0.331558 0.529148
2 0.290685 0.539194 0.284880 0.488378 0.304455 0.483440 0.310260 0.534256
2 0.271864 0.544656 0.266059 0.493840 0.285634 0.488901 0.291439 0.539717
2 0.456590 0.410876 0.450734 0.360029 0.470474 0.355008 0.476330 0.405855
2 0.435584 0.417471 0.429728 0.366623 0.449467 0.361602 0.455324 0.412450
2 0.414315 0.422948 0.408459 0.372101 0.428199 0.367080 0.434055 0.417927
2 0.391492 0.428418 0.385636 0.377570 0.405376 0.372549 0.411232 0.423397
2 0.372899 0.434704 0.392639 0.429683 0.386786 0.378835 0.367046 0.383856
2 0.353014 0.440576 0.372589 0.435638 0.366787 0.384821 0.347212 0.389759
2 0.293771 0.455998 0.313496 0.450911 0.307594 0.400343 0.287869 0.405430
2 0.316265 0.447743 0.336024 0.442888 0.330364 0.391991 0.310606 0.396846
2 0.271631 0.461677 0.291469 0.457601 0.286716 0.406499 0.266878 0.410576
2 0.250906 0.468611 0.270721 0.464300 0.265696 0.413257 0.245880 0.417568
2 0.232315 0.473836 0.252157 0.469799 0.247451 0.418688 0.227609 0.422725
2 0.189520 0.331593 0.185355 0.280379 0.205237 0.276808 0.209402 0.328023
2 0.441719 0.173220 0.437554 0.122005 0.457436 0.118434 0.461601 0.169649
2 0.409687 0.183188 0.405523 0.131974 0.425405 0.128403 0.429569 0.179618
2 0.389077 0.191171 0.384912 0.139957 0.404794 0.136386 0.408959 0.187601
2 0.369355 0.196572 0.365190 0.145357 0.385072 0.141787 0.389237 0.193001
2 0.348941 0.207032 0.344776 0.155817 0.364658 0.152247 0.368823 0.203461
2 0.329060 0.213679 0.324895 0.162464 0.344777 0.158894 0.348942 0.210108
2 0.296993 0.222231 0.292829 0.171016 0.312711 0.167445 0.316876 0.218660
2 0.277006 0.226925 0.272841 0.175710 0.292723 0.172139 0.296888 0.223354
2 0.261171 0.233019 0.257006 0.181805 0.276888 0.178234 0.281053 0.229449
2 0.239738 0.238379 0.235573 0.187165 0.255455 0.183594 0.259620 0.234809
2 0.180926 0.251816 0.176761 0.200601 0.196643 0.197030 0.200808 0.248245
2 0.217057 0.243252 0.212893 0.192037 0.232775 0.188467 0.236939 0.239681
2 0.524214 0.231472 0.520049 0.180258 0.539932 0.176687 0.544096 0.227902
2 0.476686 0.248092 0.472522 0.196878 0.492404 0.193307 0.496569 0.244521
2 0.455912 0.254999 0.451747 0.203785 0.471630 0.200214 0.475794 0.251428
2 0.435321 0.261244 0.431156 0.210030 0.451038 0.206459 0.455203 0.257673
2 0.414891 0.266084 0.410726 0.214870 0.430608 0.211299 0.434773 0.262514
2 0.395169 0.269910 0.391004 0.218695 0.410886 0.215124 0.415051 0.266339
2 0.377771 0.282250 0.373606 0.231035 0.393488 0.227464 0.397653 0.278679
2 0.356920 0.287524 0.352755 0.236310 0.372638 0.232739 0.376802 0.283953
2 0.337411 0.290817 0.333246 0.239603 0.353128 0.236032 0.357293 0.287246
2 0.308556 0.295276 0.304392 0.244061 0.324274 0.240490 0.328439 0.291705
2 0.286247 0.301720 0.282082 0.250505 0.301964 0.246935 0.306129 0.298149
2 0.266511 0.307088 0.262346 0.255873 0.282228 0.252303 0.286393 0.303517
2 0.244188 0.313264 0.240023 0.262049 0.259905 0.258479 0.264070 0.309693
2 0.228328 0.318636 0.224163 0.267422 0.244045 0.263851 0.248210 0.315065
2 0.210045 0.324240 0.205880 0.273025 0.225762 0.269454 0.229927 0.320669
2 0.209113 0.478366 0.228995 0.474795 0.224832 0.423581 0.204950 0.427151