2 0.534626 0.130075 0.528305 0.084739 0.548399 0.080513 0.554721 0.125849
2 0.514865 0.135834 0.508544 0.090498 0.528638 0.086272 0.534959 0.131608
2 0.494556 0.140862 0.488235 0.095526 0.508329 0.091300 0.514651 0.136636
2 0.475311 0.146455 0.468989 0.101118 0.489084 0.096892 0.495405 0.142228
2 0.453845 0.150949 0.447471 0.105624 0.467561 0.101363 0.473935 0.146688
2 0.692489 0.168097 0.686168 0.122760 0.706262 0.118534 0.712584 0.163870
2 0.670495 0.171579 0.664174 0.126243 0.684268 0.122017 0.690589 0.167353
2 0.650322 0.176050 0.644000 0.130714 0.664095 0.126488 0.670416 0.171824
2 0.629009 0.179911 0.622688 0.134575 0.642782 0.130349 0.649104 0.175685
2 0.609239 0.186600 0.602917 0.141263 0.623012 0.137037 0.629333 0.182373
2 0.588012 0.190351 0.581690 0.145014 0.601785 0.140788 0.608106 0.186124
2 0.566295 0.194948 0.559973 0.149612 0.580068 0.145386 0.586389 0.190722
2 0.546729 0.199418 0.540408 0.154082 0.560502 0.149856 0.566823 0.195192
2 0.524836 0.203992 0.518515 0.158656 0.538609 0.154430 0.544930 0.199766
2 0.505899 0.207263 0.499578 0.161927 0.519672 0.157701 0.525993 0.203037
2 0.485133 0.212046 0.478812 0.166710 0.498906 0.162484 0.505227 0.207820
2 0.463620 0.216940 0.457299 0.171604 0.477393 0.167377 0.483714 0.212714
2 0.570371 0.312880 0.564050 0.267544 0.584144 0.263318 0.590466 0.308654
2 0.550392 0.318744 0.544071 0.273408 0.564165 0.269181 0.570487 0.314518
2 0.529089 0.322789 0.522768 0.277453 0.542862 0.273226 0.549184 0.318563
2 0.508818 0.327467 0.502496 0.282131 0.522591 0.277905 0.528912 0.323241
2 0.487379 0.331352 0.481058 0.286016 0.501152 0.281790 0.507473 0.327126
2 0.466972 0.335828 0.460651 0.290492 0.480745 0.286266 0.487066 0.331602
2 0.678227 0.476941 0.671347 0.431728 0.691386 0.427128 0.698267 0.472341
2 0.659872 0.481114 0.652992 0.435900 0.673031 0.431300 0.679912 0.476513
2 0.638383 0.488361 0.631503 0.443148 0.651542 0.438548 0.658423 0.483761
2 0.478321 0.523993 0.471441 0.478779 0.491481 0.474179 0.498361 0.519392
2 0.500057 0.518965 0.493177 0.473752 0.513217 0.469152 0.520097 0.514365
2 0.520215 0.514254 0.513334 0.469041 0.533374 0.464441 0.540255 0.509654
2 0.539357 0.510317 0.532476 0.465103 0.552516 0.460503 0.559396 0.505717
2 0.559368 0.504907 0.552487 0.459694 0.572527 0.455094 0.579407 0.500307
2 0.578105 0.501375 0.571225 0.456161 0.591265 0.451561 0.598145 0.496775
2 0.597622 0.497532 0.590742 0.452319 0.610781 0.447719 0.617662 0.492932
2 0.618109 0.492867 0.611228 0.447654 0.631268 0.443053 0.638149 0.488267
2 0.482137 0.586165 0.475758 0.540841 0.495847 0.536576 0.502226 0.581900
2 0.504463 0.581594 0.498084 0.536270 0.518173 0.532005 0.524552 0.577329
2 0.525424 0.577086 0.519044 0.531762 0.539133 0.527497 0.545512 0.572821
2 0.546067 0.572603 0.539688 0.527279 0.559777 0.523014 0.566156 0.568338
2 0.566767 0.569727 0.560388 0.524403 0.580476 0.520138 0.586856 0.565462
2 0.586244 0.564961 0.579864 0.519637 0.599953 0.515372 0.606333 0.560696
2 0.607092 0.560201 0.600713 0.514877 0.620802 0.510612 0.627181 0.555936
2 0.627058 0.555633 0.620679 0.510309 0.640767 0.506044 0.647147 0.551368
2 0.648350 0.550890 0.641971 0.505566 0.662060 0.501301 0.668439 0.546625
2 0.668566 0.544585 0.662187 0.499261 0.682275 0.494996 0.688655 0.540320
2 0.630715 0.671959 0.624336 0.626635 0.644425 0.622370 0.650804 0.667694
2 0.486384 0.705340 0.479948 0.660028 0.500032 0.655726 0.506467 0.701038
2 0.496668 0.776933 0.490233 0.731621 0.510316 0.727318 0.516752 0.772630
2 0.535172 0.888113 0.528737 0.842801 0.548820 0.838498 0.555256 0.883810
2 0.556082 0.884202 0.549646 0.838890 0.569730 0.834587 0.576165 0.879899
2 0.577154 0.879667 0.570718 0.834355 0.590802 0.830053 0.597237 0.875365
2 0.596136 0.875413 0.589701 0.830101 0.609784 0.825799 0.616220 0.871111
2 0.676451 0.857101 0.670016 0.811789 0.690099 0.807487 0.696535 0.852799
2 0.697023 0.852668 0.690588 0.807356 0.710671 0.803053 0.717107 0.848365
2 0.736570 0.843990 0.730134 0.798678 0.750218 0.794376 0.756653 0.839688
2 0.715522 0.848799 0.709086 0.803487 0.729170 0.799185 0.735605 0.844497
2 0.702574 0.729509 0.696138 0.684197 0.716222 0.679895 0.722657 0.725207
2 0.682212 0.734468 0.675776 0.689156 0.695860 0.684854 0.702295 0.730166
2 0.662102 0.737518 0.655667 0.692206 0.675750 0.687903 0.682186 0.733215
2 0.642160 0.742865 0.635725 0.697553 0.655809 0.693251 0.662244 0.738563
2 0.620730 0.748392 0.614294 0.703080 0.634378 0.698778 0.640813 0.744090
2 0.600466 0.752963 0.594031 0.707651 0.614114 0.703348 0.620550 0.748660
2 0.579700 0.758144 0.573265 0.712832 0.593349 0.708530 0.599784 0.753842
2 0.559910 0.762411 0.553475 0.717099 0.573558 0.712797 0.579994 0.758109
2 0.538315 0.767187 0.531879 0.721875 0.551963 0.717573 0.558398 0.762885
2 0.518984 0.773168 0.512549 0.727856 0.532632 0.723554 0.539068 0.768866
2 0.507636 0.700048 0.501201 0.654736 0.521284 0.650434 0.527720 0.695746
2 0.528407 0.695252 0.521972 0.649940 0.542056 0.645638 0.548491 0.690950
2 0.548674 0.689937 0.542238 0.644625 0.562322 0.640323 0.568757 0.685635
2 0.569698 0.685576 0.563262 0.640264 0.583346 0.635961 0.589781 0.681273
2 0.588980 0.682340 0.582545 0.637028 0.602628 0.632726 0.609064 0.678038
2 0.608710 0.676976 0.602274 0.631664 0.622358 0.627362 0.628793 0.672674
2 0.654782 0.666670 0.648346 0.621358 0.668430 0.617055 0.674865 0.662367
2 0.679244 0.661781 0.673279 0.616372 0.693405 0.612384 0.699370 0.657793
2 0.366627 0.753798 0.403724 0.747457 0.406534 0.772254 0.369437 0.778595
2 -0.001010 0.852109 0.036081 0.845718 0.038913 0.870512 0.001822 0.876903
2 0.001696 0.875633 0.038786 0.869242 0.041619 0.894035 0.004528 0.900426
2 0.005485 0.899644 0.042575 0.893253 0.045407 0.918046 0.008317 0.924438
2 0.009165 0.924746 0.046236 0.918183 0.049144 0.942963 0.012073 0.949526
2 0.012199 0.952223 0.049296 0.945882 0.052106 0.970680 0.015010 0.977021
2 0.362351 0.726651 0.399447 0.720310 0.402257 0.745107 0.365161 0.751448
2 0.359070 0.698737 0.396167 0.692396 0.398977 0.717193 0.361881 0.723534
2 0.295810 0.289017 0.332903 0.282649 0.335725 0.307444 0.298632 0.313812
2 0.299774 0.313409 0.336867 0.307041 0.339689 0.331836 0.302596 0.338205
2 0.304470 0.340091 0.341563 0.333723 0.344385 0.358518 0.307292 0.364887
2 0.308532 0.363804 0.345626 0.357436 0.348448 0.382231 0.311355 0.388599
2 0.312298 0.391556 0.349391 0.385188 0.352213 0.409984 0.315120 0.416352
2 0.315706 0.419013 0.352799 0.412645 0.355621 0.437440 0.318528 0.443808
2 0.319908 0.444125 0.357001 0.437756 0.359823 0.462552 0.322730 0.468920
2 0.323619 0.477195 0.360713 0.470827 0.363535 0.495622 0.326442 0.501990
2 0.327099 0.503716 0.364192 0.497348 0.367014 0.522143 0.329921 0.528512
2 0.346543 0.623637 0.383636 0.617269 0.386458 0.642064 0.349365 0.648432
2 0.350953 0.647985 0.388046 0.641617 0.390868 0.666412 0.353775 0.672781
2 0.356192 0.672852 0.393286 0.666484 0.396109 0.691279 0.359016 0.697647
2 0.700875 0.656958 0.694494 0.611634 0.714583 0.607368 0.720963 0.652692
2 0.860405 0.249844 0.822959 0.249812 0.822974 0.224770 0.860419 0.224802
2 0.860570 0.273637 0.823125 0.273605 0.823139 0.248563 0.860584 0.248595
2 0.860898 0.299447 0.823453 0.299415 0.823467 0.274373 0.860912 0.274405
2 0.860898 0.325075 0.823453 0.325044 0.823467 0.300001 0.860912 0.300033
2 0.861011 0.348701 0.823565 0.348669 0.823580 0.323627 0.861025 0.323659
2 0.861239 0.371161 0.823794 0.371129 0.823808 0.346087 0.861253 0.346118
2 0.861892 0.394188 0.824446 0.394157 0.824461 0.369114 0.861906 0.369146
2 0.689458 0.540034 0.683135 0.494698 0.703229 0.490471 0.709552 0.535807
2 0.684042 0.354320 0.677663 0.308996 0.697751 0.304731 0.704131 0.350055
2 0.661878 0.360148 0.655498 0.314824 0.675587 0.310559 0.681967 0.355883
2 0.642576 0.363631 0.636197 0.318307 0.656286 0.314042 0.662665 0.359366
2 0.622326 0.368829 0.615947 0.323505 0.636036 0.319240 0.642415 0.364563
2 0.602730 0.372116 0.596350 0.326792 0.616439 0.322527 0.622819 0.367851
2 0.580887 0.376661 0.574508 0.331337 0.594597 0.327072 0.600976 0.372396
2 0.559954 0.382289 0.553574 0.336965 0.573663 0.332700 0.580043 0.378024
2 0.540009 0.386732 0.533630 0.341408 0.553719 0.337143 0.560098 0.382467
2 0.519052 0.391349 0.512672 0.346025 0.532761 0.341760 0.539141 0.387084
2 0.497842 0.395420 0.491462 0.350096 0.511551 0.345831 0.517931 0.391155
2 0.476704 0.399863 0.470324 0.354539 0.490413 0.350274 0.496792 0.395598
2 0.456791 0.403226 0.450412 0.357902 0.470500 0.353637 0.476880 0.398961
2 0.446937 0.339351 0.440558 0.294027 0.460646 0.289762 0.467026 0.335086
2 0.443763 0.221762 0.437442 0.176426 0.457536 0.172200 0.463857 0.217536
2 0.377332 0.047660 0.371010 0.002324 0.391105 -0.001902 0.397426 0.043434
2 0.356109 0.053113 0.349297 0.004261 0.369985 -0.000090 0.376797 0.048761
2 0.356109 0.053112 0.349297 0.004261 0.369985 -0.000090 0.376797 0.048761
2 0.335944 0.057055 0.329023 0.008227 0.349702 0.003806 0.356623 0.052634
2 0.184289 0.143102 0.176993 0.095897 0.199287 0.090699 0.206583 0.137904
2 0.204126 0.137843 0.197318 0.090529 0.219664 0.085679 0.226471 0.132993
2 0.226353 0.133284 0.220154 0.085844 0.242560 0.081428 0.248759 0.128868
2 0.246408 0.128044 0.240209 0.080604 0.262614 0.076188 0.268813 0.123628
2 0.267689 0.122193 0.261491 0.074753 0.283896 0.070337 0.290095 0.117777
2 0.313344 0.060566 0.335750 0.056150 0.329549 0.008710 0.307144 0.013126