2 0.356363 0.050501 0.349673 0.005174 0.370769 0.001049 0.377458 0.046376
2 0.336948 0.054872 0.330459 0.009505 0.351573 0.005504 0.358062 0.050870
2 0.482656 0.211845 0.476076 0.166496 0.497182 0.162438 0.503761 0.207787
2 0.716341 0.849792 0.708321 0.804751 0.729284 0.799806 0.737303 0.844847
2 0.695420 0.854269 0.687400 0.809228 0.708363 0.804283 0.716382 0.849324
2 0.672762 0.858622 0.664743 0.813581 0.685705 0.808636 0.693725 0.853677
2 0.589125 0.877658 0.581106 0.832617 0.602068 0.827672 0.610087 0.872713
2 0.393233 0.674237 0.353869 0.682035 0.350240 0.657761 0.389603 0.649963
2 0.396928 0.699172 0.357565 0.706970 0.353935 0.682697 0.393299 0.674898
2 0.403167 0.723693 0.363804 0.731491 0.360174 0.707217 0.399538 0.699419
2 0.406518 0.749125 0.367154 0.756923 0.363525 0.732649 0.402888 0.724851
2 0.410773 0.773727 0.371409 0.781526 0.367780 0.757252 0.407143 0.749454
2 0.566462 0.883652 0.558442 0.838611 0.579405 0.833666 0.587424 0.878707
2 0.546064 0.889479 0.538045 0.844438 0.559007 0.839493 0.567026 0.884534
2 0.498294 0.773137 0.490275 0.728096 0.511237 0.723151 0.519256 0.768192
2 0.518506 0.768102 0.510486 0.723061 0.531449 0.718116 0.539468 0.763157
2 0.538273 0.764336 0.530253 0.719295 0.551216 0.714350 0.559235 0.759391
2 0.560510 0.758776 0.552491 0.713735 0.573453 0.708790 0.581473 0.753831
2 0.582970 0.754343 0.574951 0.709303 0.595913 0.704358 0.603933 0.749398
2 0.601497 0.749915 0.593478 0.704875 0.614440 0.699930 0.622459 0.744970
2 0.664806 0.735952 0.656787 0.690911 0.677749 0.685966 0.685768 0.731007
2 0.642463 0.740759 0.634444 0.695718 0.655406 0.690773 0.663425 0.735814
2 0.621726 0.745675 0.613707 0.700634 0.634669 0.695689 0.642688 0.740730
2 0.617228 0.495814 0.609208 0.450773 0.630171 0.445828 0.638190 0.490869
2 0.482918 0.586486 0.474899 0.541445 0.495861 0.536500 0.503881 0.581541
2 0.690296 0.543620 0.682277 0.498579 0.703239 0.493634 0.711259 0.538675
2 0.669017 0.548750 0.660998 0.503709 0.681960 0.498764 0.689979 0.543805
2 0.586698 0.566969 0.578679 0.521928 0.599641 0.516983 0.607661 0.562024
2 0.606442 0.562369 0.598423 0.517328 0.619385 0.512383 0.627405 0.557424
2 0.628389 0.557017 0.620369 0.511976 0.641332 0.507031 0.649351 0.552072
2 0.648345 0.553720 0.640326 0.508680 0.661288 0.503735 0.669308 0.548775
2 0.686658 0.356390 0.679347 0.311189 0.700384 0.306681 0.707695 0.351881
2 0.664984 0.361746 0.657673 0.316546 0.678709 0.312038 0.686021 0.357238
2 0.643776 0.364643 0.636465 0.319443 0.657501 0.314935 0.664812 0.360135
2 0.621797 0.368465 0.614486 0.323264 0.635522 0.318756 0.642833 0.363956
2 0.602064 0.372447 0.594753 0.327247 0.615790 0.322738 0.623101 0.367939
2 0.580988 0.377738 0.573677 0.332538 0.594714 0.328029 0.602025 0.373229
2 0.559257 0.383737 0.551946 0.338536 0.572982 0.334028 0.580293 0.379228
2 0.539287 0.388692 0.531975 0.343492 0.553012 0.338983 0.560323 0.384184
2 0.519959 0.392815 0.512647 0.347615 0.533684 0.343107 0.540995 0.388307
2 0.498273 0.396972 0.490962 0.351772 0.511998 0.347264 0.519309 0.392464
2 0.478297 0.401186 0.470986 0.355986 0.492022 0.351478 0.499333 0.396678
2 0.457637 0.406033 0.450326 0.360833 0.471362 0.356325 0.478673 0.401525
2 0.436994 0.408663 0.429683 0.363463 0.450719 0.358955 0.458030 0.404155
2 0.570780 0.313423 0.564201 0.268074 0.585306 0.264017 0.591886 0.309366
2 0.550461 0.319239 0.543882 0.273890 0.564987 0.269832 0.571567 0.315181
2 0.528779 0.323219 0.522200 0.277870 0.543306 0.273813 0.549885 0.319162
2 0.508715 0.326700 0.502136 0.281351 0.523242 0.277294 0.529821 0.322643
2 0.487862 0.333209 0.481282 0.287860 0.502388 0.283803 0.508967 0.329152
2 0.466837 0.338899 0.460258 0.293550 0.481363 0.289493 0.487943 0.334842
2 0.446384 0.342116 0.439805 0.296767 0.460910 0.292709 0.467490 0.338058
2 0.426065 0.345703 0.419486 0.300354 0.440591 0.296297 0.447171 0.341646
2 0.670280 0.171781 0.663701 0.126432 0.684807 0.122374 0.691386 0.167723
2 0.649877 0.175961 0.643298 0.130613 0.664403 0.126555 0.670983 0.171904
2 0.628902 0.181190 0.622323 0.135841 0.643429 0.131784 0.650008 0.177133
2 0.608401 0.186869 0.601822 0.141520 0.622928 0.137463 0.629507 0.182812
2 0.587879 0.190874 0.581300 0.145525 0.602405 0.141468 0.608985 0.186817
2 0.567896 0.197539 0.561316 0.152190 0.582422 0.148133 0.589001 0.193482
2 0.546124 0.200447 0.539544 0.155098 0.560650 0.151041 0.567229 0.196390
2 0.525400 0.204310 0.518821 0.158961 0.539926 0.154904 0.546506 0.200253
2 0.506043 0.208191 0.499464 0.162842 0.520570 0.158785 0.527149 0.204134
2 0.462933 0.215434 0.456353 0.170085 0.477459 0.166028 0.484039 0.211377
2 0.443415 0.219139 0.436836 0.173790 0.457941 0.169732 0.464521 0.215081
2 0.375949 0.046319 0.369369 0.000970 0.390475 -0.003087 0.397055 0.042262
2 0.005245 0.180537 -0.003350 0.135637 0.017546 0.130337 0.026141 0.175237
2 0.026494 0.175027 0.017899 0.130127 0.038795 0.124827 0.047390 0.169727
2 0.047912 0.170898 0.039317 0.125998 0.060213 0.120697 0.068808 0.165598
2 0.045852 0.292410 0.038073 0.247313 0.059061 0.242516 0.066840 0.287613
2 0.004521 0.305037 -0.004333 0.260204 0.016533 0.254745 0.025386 0.299578
2 0.024821 0.298998 0.015968 0.254164 0.036833 0.248705 0.045687 0.293538
2 0.069883 0.166423 0.061030 0.121589 0.081895 0.116130 0.090749 0.160964
2 0.162881 0.141983 0.156302 0.096634 0.177407 0.092577 0.183987 0.137926
2 0.183991 0.137702 0.176987 0.092437 0.198053 0.088118 0.205057 0.133383
2 0.204827 0.134362 0.198248 0.089013 0.219353 0.084956 0.225933 0.130305
2 0.225895 0.130327 0.219316 0.084978 0.240421 0.080921 0.247001 0.126270
2 0.247846 0.126593 0.241267 0.081244 0.262373 0.077187 0.268952 0.122536
2 0.268285 0.121088 0.261706 0.075739 0.282811 0.071682 0.289391 0.117031
2 0.315005 0.059564 0.336111 0.055507 0.329532 0.010157 0.308426 0.014215