2 0.037570 0.505397 0.023746 0.521681 -0.005867 0.489060 0.007957 0.472776
2 0.052072 0.489360 0.036325 0.503196 0.011161 0.466045 0.026907 0.452209
2 0.167282 0.452616 0.147956 0.447271 0.157673 0.401672 0.176999 0.407017
2 0.191131 0.462256 0.172545 0.454197 0.187196 0.410343 0.205783 0.418401
2 0.210920 0.472775 0.193366 0.462128 0.212725 0.420709 0.230279 0.431356
2 0.233900 0.485451 0.218041 0.471782 0.242895 0.434362 0.258754 0.448031
2 0.249752 0.499773 0.234992 0.484590 0.262599 0.449764 0.277359 0.464947
2 0.265013 0.518688 0.252201 0.501362 0.283705 0.471130 0.296517 0.488456
2 0.278641 0.537052 0.268561 0.517524 0.304070 0.493739 0.314150 0.513267
2 0.286673 0.557390 0.279099 0.536443 0.317188 0.518573 0.324761 0.539519
2 0.376943 0.471887 0.362852 0.455901 0.391919 0.422652 0.406010 0.438638
2 0.361981 0.452567 0.347890 0.436582 0.376957 0.403332 0.391048 0.419318
2 0.335957 0.421693 0.321512 0.406122 0.349824 0.372038 0.364269 0.387609
2 0.309286 0.395262 0.292472 0.383164 0.314470 0.343492 0.331284 0.355590
2 0.276642 0.368230 0.257679 0.361405 0.270087 0.316662 0.289050 0.323486
2 0.257759 0.359389 0.238627 0.353206 0.249870 0.308064 0.269002 0.314248
2 0.212617 0.341964 0.192954 0.338564 0.199136 0.292173 0.218798 0.295572
2 0.187788 0.336746 0.168022 0.334241 0.172576 0.287606 0.192341 0.290110
2 0.119519 0.261291 0.116235 0.238948 0.156863 0.231201 0.160146 0.253543
2 0.116741 0.238633 0.113102 0.216362 0.153600 0.207776 0.157239 0.230047
2 0.113141 0.216052 0.109502 0.193781 0.149999 0.185194 0.153638 0.207465
2 0.109959 0.193439 0.106320 0.171168 0.146818 0.162582 0.150457 0.184853
2 0.106860 0.170351 0.147358 0.161764 0.143718 0.139493 0.103221 0.148080
2 0.570741 0.828456 0.565253 0.782041 0.588531 0.778470 0.594019 0.824885
2 0.670693 0.805594 0.665987 0.759233 0.687381 0.756415 0.692087 0.802776
2 0.933494 0.753417 0.926431 0.707446 0.947645 0.703216 0.954708 0.749187
2 0.910149 0.757396 0.903087 0.711425 0.924301 0.707195 0.931363 0.753166
2 0.886458 0.759923 0.879395 0.713952 0.900609 0.709723 0.907672 0.755694
2 0.864894 0.765089 0.857831 0.719118 0.879046 0.714889 0.886108 0.760860
2 0.822763 0.775612 0.816842 0.729432 0.838152 0.725886 0.844074 0.772065
2 0.804939 0.780207 0.799017 0.734028 0.820328 0.730481 0.826249 0.776661
2 0.785652 0.784213 0.779730 0.738033 0.801041 0.734487 0.806962 0.780667
2 0.766216 0.789588 0.760294 0.743409 0.781604 0.739863 0.787526 0.786042
2 0.746498 0.794155 0.740577 0.747976 0.761887 0.744429 0.767809 0.790609
2 0.726050 0.797867 0.720128 0.751687 0.741438 0.748141 0.747360 0.794321
2 0.706487 0.800861 0.700566 0.754681 0.721876 0.751135 0.727798 0.797315
2 0.650613 0.812860 0.644691 0.766680 0.666001 0.763134 0.671923 0.809314
2 0.630893 0.816848 0.626188 0.770487 0.647582 0.767669 0.652287 0.814030
2 0.610767 0.819709 0.606605 0.773280 0.628030 0.770788 0.632192 0.817217
2 0.590100 0.824670 0.584805 0.779043 0.603954 0.776160 0.609249 0.821786
2 0.680224 0.929561 0.673992 0.883268 0.697209 0.879212 0.703441 0.925505
2 0.530590 0.958355 0.523963 0.912133 0.547145 0.907821 0.553772 0.954042
2 0.555065 0.954515 0.548438 0.908293 0.571620 0.903980 0.578246 0.950202
2 0.577342 0.949960 0.571110 0.903667 0.594328 0.899611 0.600559 0.945904
2 0.612490 0.941600 0.605816 0.895208 0.628669 0.890941 0.635344 0.937333
2 0.635174 0.938151 0.628942 0.891858 0.652159 0.887802 0.658391 0.934095
2 0.680224 0.929561 0.673992 0.883268 0.697209 0.879212 0.703441 0.925505
2 0.726446 0.919275 0.720002 0.873020 0.743201 0.868826 0.749644 0.915082
2 0.965556 0.864603 0.958666 0.818431 0.981822 0.813947 0.988712 0.860119
2 0.943323 0.869487 0.936433 0.823316 0.959590 0.818832 0.966479 0.865004
2 0.920353 0.872976 0.913463 0.826804 0.936620 0.822320 0.943509 0.868492
2 0.897611 0.878120 0.890722 0.831948 0.913878 0.827464 0.920768 0.873636
2 0.851370 0.888987 0.844863 0.842743 0.868056 0.838508 0.874563 0.884752
2 0.874226 0.884465 0.867718 0.838221 0.890911 0.833986 0.897418 0.880230
2 0.812968 0.899807 0.806461 0.853563 0.829654 0.849328 0.836161 0.895572
2 0.792503 0.904562 0.785996 0.858319 0.809188 0.854084 0.815695 0.900327
2 0.772101 0.908539 0.765657 0.862283 0.788856 0.858090 0.795299 0.904345
2 0.748677 0.913713 0.741903 0.867519 0.765071 0.863111 0.771845 0.909305
2 0.656453 0.935532 0.649971 0.887045 0.673573 0.882951 0.680055 0.931438
2 0.703364 0.924714 0.696990 0.878446 0.720194 0.874297 0.726569 0.920565
2 0.528216 0.835738 0.522753 0.789319 0.546034 0.785764 0.551497 0.832183
2 0.847000 0.703467 0.841617 0.657036 0.864903 0.653533 0.870286 0.699964
2 0.811844 0.714270 0.806461 0.667839 0.829747 0.664336 0.835130 0.710767
2 0.779261 0.721383 0.773878 0.674952 0.797165 0.671448 0.802548 0.717879
2 0.756064 0.725973 0.750681 0.679542 0.773968 0.676038 0.779351 0.722469
2 0.733002 0.730281 0.727860 0.683815 0.751164 0.680468 0.756306 0.726935
2 0.711052 0.734283 0.705910 0.687817 0.729214 0.684470 0.734356 0.730937
2 0.689454 0.739642 0.684312 0.693175 0.707616 0.689829 0.712758 0.736296
2 0.668106 0.743892 0.662965 0.697425 0.686269 0.694079 0.691411 0.740545
2 0.626749 0.753597 0.621608 0.707131 0.644912 0.703784 0.650054 0.750251
2 0.606667 0.757633 0.601525 0.711166 0.624829 0.707820 0.629971 0.754287
2 0.583580 0.761702 0.578438 0.715235 0.601743 0.711889 0.606884 0.758355
2 0.561061 0.765420 0.556302 0.718901 0.579633 0.715803 0.584392 0.762323
2 0.539144 0.769913 0.534385 0.723394 0.557716 0.720297 0.562475 0.766816
2 0.518574 0.772859 0.513815 0.726340 0.537146 0.723242 0.541905 0.769762
2 0.506588 0.654360 0.501829 0.607840 0.525160 0.604743 0.529919 0.651262
2 0.547603 0.646605 0.542844 0.600085 0.566175 0.596988 0.570934 0.643507
2 0.573195 0.640435 0.568436 0.593915 0.591767 0.590818 0.596526 0.637337
2 0.597139 0.636429 0.592380 0.589910 0.615710 0.586812 0.620469 0.633331
2 0.621274 0.630559 0.615590 0.584175 0.638853 0.580475 0.644537 0.626860
2 0.642890 0.626521 0.637206 0.580137 0.660469 0.576438 0.666153 0.622822
2 0.664105 0.621131 0.659169 0.574636 0.682488 0.571423 0.687424 0.617919
2 0.685353 0.615952 0.680446 0.569732 0.704054 0.566479 0.708961 0.612700
2 0.920872 0.566613 0.915700 0.520430 0.939289 0.517002 0.944461 0.563185
2 0.897872 0.569055 0.892965 0.522835 0.916573 0.519582 0.921480 0.565802
2 0.967066 0.554378 0.962159 0.508157 0.985767 0.504905 0.990674 0.551125
2 0.943223 0.560799 0.937985 0.514626 0.961569 0.511154 0.966807 0.557327
2 0.875753 0.574635 0.870846 0.528415 0.894454 0.525162 0.899362 0.571382
2 0.795259 0.594747 0.790352 0.548527 0.813960 0.545274 0.818867 0.591495
2 0.772824 0.599075 0.767917 0.552855 0.791525 0.549603 0.796432 0.595823
2 0.751148 0.603608 0.746240 0.557387 0.769848 0.554135 0.774756 0.600355
2 0.729053 0.607745 0.724146 0.561525 0.747754 0.558272 0.752661 0.604493
2 0.707456 0.611743 0.702549 0.565522 0.726157 0.562270 0.731064 0.608490
2 0.707533 0.611780 0.702482 0.565580 0.726080 0.562232 0.731131 0.608432